023675840010
025864390010
027435860010
032849765110
035978140010
042576000010
042658130010
042685000010
042836750010
045682790010
045682970010
046298530010
046532890010
046832590010
047835620010
049158630010
067812450010
081324000010
073198254012
046528700020
047839500020
095182436020
098327500020
032541890022
042385760022
042658310022
043296570022
043581960022
045682790022
045682970022
046123879522
046298350022
046837125922
047853000022
054629310022
074356820022
084612950022
095284000022
095826410022
143657281911
145162938711
145673829111
145837192611
146295837111
146527389111
146527391811
147653829111
149237816511
154379162811
194526183711
128351497621
145291738621
145673829121
146295813721
146298375121
149251867321
149651827321
156428391721
167453829121
189251643721
045298100020
073625489020
064129580010
089524360022
174356281911
089524630022
025846710010
145837192621
043296570010
154283719621
054921000022
154629137811
154917382621
154918237621
154683791211
071536420010
114592837621
053912840010
134578261911
024678510022
048652790010
045928730022
056418230010
072849653110
045791862020
124356781921
096245180010
156428391711
036481257012
145168372921
026845000010
024856710022
062814530010
054821900020
079536420010
089615420022
167812534911
152849173611
178265349111
145928376121
173628145921
142567319811
165182734911
165437281921
026854930010
067814530022
159642837111
124675831921
173865291421
156481973211
027495860010
173548291621
154829137621
042658310010
012594760010
131572864911
073195426822
062814350010
073486520022
024678350022
068357200012
089524730022
138579164211
173864259121
056472980010
068125490022
084612570010
024856910022
176254913811
045291783020
095182463020
067812539012
145791826321
076245813012
128345791611
195864273121
098152463012
136572819421
136572819411
045673812020
089615240022
125891643711
052876140010
024765380022
025846170010
124356718921
137265819411
024765830022
124583791621
064183259012
045691823722
146527319811
145928371621
146295817311
145291837621
046298530022
046927851012
145296738111
046298350010
149832576121
042836510022
046219000010
148361529721
049285671012
145382917621
092358467110
029351468710
062814750010
045381200020
062814930010
067128000022
067812350010
034568270010
029378540010
045923800020
137258461911
036759400020
058274690010
024736000010
024836570022
027419000010
046781259322
062831000010
052876910010
093257640010
073195482020
046527130010
146758329121
024678150022
023675480010
073621580022
137258194611
045627800020
026875000010
045836700020
191642758311
164279835121
025864790010
054738269020
128361549711
198516437221
121359467811
092385610010
024856170022
024765380010
047835120010
028496570022
198516437211
125891643721
129851643711
023496750022
125946731821
036572180010
125491376821
128345761921
092341568012
028674590022
025768400020
037241658910
025678300020
098514600020
073196280022
021368450010
125764913821
073621845020
146751283921
045621800020
054823900020
135946827111
154829173621
048652970010
082614350022
195246738111
191623457811
098325170022
047835260010
125137649821
132849561711
154283761921
098614250022
125837649111
014865290022
028496750010
154192837621
165182739411
082514360022
091642753810
026854130010
068725340022
076245830010
025896100020
076281435012
125673194821
025846910010
076245813020
168273549121
076245380010
068452790022
082436150022
032849657012
067458300020
092385710010
067814350022
076245130010
045628710010
025769400020
068725430010
082614530010
146527381911
025674300020
028496570010
145691827311
123857649121
189251643711
023675480022
093514620010
149651827311
185437216911
125873461921
163457281911
028496750022
184529167311
185237649121
045832700020
026945180010
183257649121
156427319811
165273194821
165273918421
127853461921
027498530022
129851643721
029678510022
185619734221
027854300020
042836510010
067218543020
067458300020
067218593020
185291643721
185273461921
185219467321
089614500020
173628154921
081342569012
025891674020
026854730010
045291763020
032864000010
067214590022
098325610010
025947600020
